217
{'FFFFFF': 0, '6D64AD': 1, '000000': 2, '404040': 3, '5B9BD5': 4, 'A5A5A5': 5, 'E7E6E6': 6}
(150, 226)
(150, 225)
217
{'FFFFFF': 0, '6D64AD': 1, '000000': 2, '404040': 3, '5B9BD5': 4, 'A5A5A5': 5, 'E7E6E6': 6}
(150, 226)
[[  1.00e+00   3.28e-38   7.26e-24 ...,   4.57e-36   0.00e+00   1.81e-29]
 [  1.00e+00   0.00e+00   8.76e-34 ...,   0.00e+00   0.00e+00   0.00e+00]
 [  1.00e+00   0.00e+00   1.97e-26 ...,   0.00e+00   0.00e+00   3.55e-37]
 ..., 
 [  1.00e+00   0.00e+00   0.00e+00 ...,   0.00e+00   0.00e+00   0.00e+00]
 [  1.00e+00   8.20e-28   1.41e-08 ...,   5.66e-28   3.12e-20   2.07e-22]
 [  1.00e+00   6.48e-25   8.93e-12 ...,   3.54e-24   1.19e-24   5.92e-22]]
[0, 0, 0, 0, 0, 0, 0, 0, 0, 1, 1, 0, 0, 0, 0, 0, 0, 2, 0, 0, 2, 2, 2, 2, 3, 0, 3, 4, 0, 0, 0, 0, 0, 0, 0, 0, 0, 0, 0, 0, 0, 0, 0, 0, 0, 0, 0, 0, 0, 0, 2, 2, 2, 2, 2, 2, 5, 6, 0, 0, 0, 0, 0, 0, 0, 0, 0, 0, 0, 0, 0, 0, 0, 0, 0, 0, 0, 0, 0, 0, 0, 0, 0, 0, 0, 0, 0, 0, 0, 0, 0, 0, 0, 0, 0, 0, 0, 0, 0, 0, 0, 0, 0, 0, 0, 0, 0, 0, 0, 0, 0, 0, 0, 0, 0, 0, 0, 0, 0, 0, 0, 0, 0, 0, 0, 0, 0, 0, 0, 0, 0, 0, 0, 0, 0, 0, 0, 0, 0, 2, 0, 0, 0, 0, 0, 0, 0, 0, 0, 0]
0.02
